6000 1500.1753
7000 1704.2711
8000 2140.8013
9000 2415.8667
10000 2852.4233
11000 3360.6128
12000 4164.866
13000 4375.5923
14000 4564.6157
15000 2870.3774
16000 147.05852
17000 5911.4155
18000 5632.923
19000 3069.027
20000 5634.001
21000 6424.135
22000 6543.267
23000 6662.052
24000 6617.2227
25000 6871.1284
26000 7141.4697
27000 6653.0283
28000 7154.6523
29000 7513.9272
30000 7309.119
31000 7522.0386
32000 7555.0957
33000 8132.8833
34000 8121.9165
35000 8205.612
36000 8350.734
37000 8507.864
38000 8526.92
39000 8513.104
40000 8788.539
41000 8778.932
42000 8718.661
43000 8820.426
44000 9046.997
45000 9066.471
46000 9236.479
47000 9150.785
48000 5266.5957
49000 9319.445
50000 9683.05
51000 9417.657
52000 9757.621
53000 9566.807
54000 9667.006
55000 9941.4375
56000 10054.75
57000 10143.008
58000 9943.28
59000 9718.191
60000 10412.16
61000 10010.6
62000 10163.647
63000 9868.139
64000 10298.19
65000 10299.213
66000 10282.191
67000 10770.495
68000 3682.6758
69000 10365.42
70000 10734.577
71000 10451.53
72000 10753.095
73000 10953.109
74000 10382.075
75000 10777.277
76000 11053.264
77000 11069.8545
78000 11108.607
79000 11183.892
80000 11396.557
81000 11269.028
82000 10683.073
83000 11430.572
84000 11221.393
85000 11303.59
86000 11162.107
87000 11452.904
88000 11814.939
89000 11420.801
90000 11204.829
91000 11224.983
92000 11649.947
93000 11638.518
94000 11429.326
95000 11846.094
96000 11736.617
97000 1291.2817
98000 11978.773
99000 12035.696
100000 11860.085
101000 11897.726
102000 12110.621
103000 11899.135
104000 11882.885
105000 11173.69
106000 11639.23
107000 11901.578
108000 11913.865
109000 11990.793
110000 12022.64
111000 11943.733
112000 12163.426
113000 11972.701
114000 11922.912
115000 12266.155
116000 12106.82
117000 12121.616
118000 12000.381
119000 11987.529
120000 12322.393
121000 12187.963
122000 12235.735
123000 12109.838
124000 12423.879
125000 11955.93
126000 12516.566
127000 12259.988
128000 12257.504
129000 12336.147
130000 11963.821
131000 12505.879
132000 12567.836
133000 12693.145
134000 12983.73
135000 12461.377
136000 12772.826
137000 12987.404
138000 12886.143
139000 12521.078
140000 12193.084
141000 13624.941
142000 12946.601
143000 13557.25
144000 12610.323
145000 13386.791
146000 12882.041
147000 12846.728
148000 13336.91
149000 13036.293
150000 12211.839
151000 13738.511
152000 13918.227
153000 13248.522
154000 13103.167
155000 13442.977
156000 13250.736
157000 13050.202
158000 12761.978
159000 12344.648
160000 12742.655
161000 12690.088
162000 13621.306
163000 12932.988
164000 13785.639
165000 13363.725
166000 13092.697
167000 13496.279
168000 13310.855
169000 12257.039
170000 13280.191
171000 13735.477
172000 14654.637
173000 12797.444
174000 12350.9375
175000 12433.66
176000 13629.381
177000 13498.478
178000 14289.252
179000 13570.537
180000 14399.361
181000 13233.261
182000 14372.15
183000 14203.02
184000 13745.15
185000 14663.791
186000 14121.724
187000 14222.33
188000 14301.574
189000 12912.414
190000 14174.802
191000 14123.684
192000 13845.431
193000 14593.27
194000 14583.467
195000 14276.08
196000 14062.8125
197000 13245.586
198000 14561.764
199000 14202.358
200000 13618.6455
201000 14005.701
202000 13613.746
203000 14321.245
204000 14217.588
205000 14080.605
