6007 197.31569
7007 222.48813
8007 347.98895
9007 25.354883
10007 250.19435
11007 296.58258
12007 316.27338
13007 10.309414
14007 950.2966
15007 216.22917
16007 841.4996
17007 454.96295
18007 325.7455
19007 268.627
20007 306.94202
21007 350.0612
22007 326.25635
23007 321.72986
24007 186.29941
25007 433.4137
26007 359.75934
27007 808.1507
28007 659.1538
29007 347.58957
30007 246.42232
31007 328.67078
32007 352.19992
33007 89.658424
34007 569.8886
35007 263.98218
36007 275.44522
37007 512.65576
38007 263.28833
39007 949.54895
40007 3027.1572
41007 982.2411
42007 295.74127
43007 386.36032
44007 356.31146
45007 900.9138
46007 1027.6311
47007 1397.2198
48007 1241.2302
49007 2413.018
50007 3681.9814
51007 1979.9589
52007 1062.3447
53007 4215.298
54007 2018.313
55007 4191.7354
56007 4023.1514
57007 4416.2783
58007 4300.025
59007 322.14853
60007 4078.9595
61007 4131.19
62007 3935.567
63007 3457.1914
64007 4206.121
65007 2164.4658
66007 4147.968
67007 4418.782
68007 4240.4185
69007 3867.0986
70007 362.04657
71007 4134.088
72007 4205.3906
73007 4198.303
74007 4109.714
75007 4233.754
76007 298.70544
77007 4332.433
78007 4122.2075
79007 300.3536
80007 284.0912
81007 4252.2646
82007 4225.824
83007 377.00696
84007 261.1255
85007 4352.959
86007 4114.154
87007 4278.0776
88007 4053.5996
89007 4378.4966
90007 4355.0195
91007 57.124058
92007 699.79266
93007 4128.836
94007 4275.45
95007 778.5237
96007 4406.374
97007 4493.2935
98007 4365.6274
99007 4374.94
100007 4423.03
101007 4330.049
102007 4341.657
103007 4390.001
104007 4370.855
105007 4273.901
106007 4405.5273
107007 4290.6646
108007 4301.455
109007 4327.996
110007 4363.4727
111007 4504.5947
112007 4291.3086
113007 3990.3633
114007 247.62231
115007 4349.8447
116007 288.9198
117007 4233.467
118007 4057.671
119007 4431.946
120007 4316.6494
121007 4533.537
122007 4212.7705
123007 4255.243
124007 4448.3755
125007 4188.4766
126007 4428.441
127007 4164.5137
128007 4415.8433
129007 4515.86
130007 4407.4424
131007 362.97012
132007 4497.045
133007 4523.059
134007 4280.3457
135007 4583.934
136007 4361.533
137007 4362.7295
138007 4421.6587
139007 4403.681
140007 4036.6099
141007 4359.0234
142007 4371.215
143007 3738.9707
144007 4591.9575
145007 4279.2754
146007 4263.5454
147007 4348.4326
148007 4433.906
149007 4477.6504
150007 3759.321
151007 4314.4956
152007 312.76593
153007 3829.098
154007 4401.733
155007 4599.3833
156007 4396.43
157007 4464.079
158007 3856.0933
159007 4344.633
160007 849.87164
161007 4545.893
162007 4299.6113
163007 4351.6777
164007 4382.572
165007 4580.4697
166007 4433.711
167007 4396.4883
168007 4499.0137
169007 4411.3906
170007 4441.822
171007 4664.6064
172007 4507.98
173007 4535.5854
174007 4545.2954
175007 4452.4067
176007 4487.1777
177007 4463.731
178007 4415.217
179007 4536.0195
180007 4512.8584
181007 4338.843
182007 4637.6963
183007 4331.42
184007 4540.061
185007 4511.203
186007 4488.427
187007 4596.288
188007 4445.875
189007 4610.326
190007 4630.3276
191007 4593.502
192007 4595.8535
193007 4430.7725
194007 1569.4169
195007 4583.5693
196007 4302.1606
197007 4558.079
198007 4657.5557
199007 1024.7975
200007 4634.289
201007 335.3825
202007 4532.8594
203007 4716.627
204007 4562.841
205007 4714.839
206007 4610.9004
207007 4681.1147
208007 4699.957
209007 4661.0205
210007 4630.6396
211007 693.81665
212007 4665.823
213007 641.5019
214007 4665.882
215007 4444.121
216007 4626.5713
217007 4508.491
218007 4692.548
219007 4614.551
220007 4250.6494
221007 4624.878
222007 4497.2515
223007 4778.342
224007 4723.1763
225007 4671.7725
226007 4737.789
227007 4740.045
228007 4654.6113
229007 4824.4033
230007 4775.025
231007 4607.721
232007 4695.801
233007 4685.251
234007 4677.045
235007 4516.209
236007 3850.4272
237007 4601.9146
238007 4683.215
239007 4762.4463
240007 4512.119
241007 4503.493
242007 4681.818
243007 4767.795
244007 4657.526
245007 4631.8965
246007 4683.811
247007 304.4431
248007 4588.5044
249007 4670.948
250007 4711.6904
251007 4663.575
252007 4683.145
253007 4647.635
254007 1078.1411
255007 4787.7363
256007 4806.1704
257007 261.64038
258007 4731.85
259007 4720.0547
260007 4746.8413
261007 4656.859
262007 4824.7637
263007 4406.5293
264007 4556.49
265007 4698.6685
266007 4748.004
267007 4747.7246
268007 4594.842
269007 4776.9946
270007 4814.7705
271007 4753.4043
272007 4688.4805
273007 4574.5117
274007 4673.6807
275007 4733.3867
276007 4609.8564
277007 4669.667
278007 4716.56
279007 4690.9307
280007 4715.6733
281007 4723.7803
282007 185.4313
283007 4659.0347
284007 4722.9326
285007 4726.242
286007 4716.2607
287007 4759.418
288007 69.93639
289007 4555.35
290007 4720.7383
