6040 28.422642
7040 84.414024
8040 20.011703
9040 424.45602
10040 249.77524
11040 244.30269
12040 317.00372
13040 286.959
14040 340.35904
15040 591.7843
16040 919.8161
17040 936.72015
18040 186.41013
19040 530.47144
20040 283.6329
21040 333.02722
22040 436.16406
23040 347.93604
24040 665.979
25040 608.55066
26040 394.13263
27040 29.742382
28040 449.8664
29040 339.61475
30040 411.96426
31040 497.8302
32040 384.43817
33040 415.8313
34040 240.0145
35040 1058.8782
36040 45.964478
37040 74.27308
38040 549.72876
39040 405.09015
40040 573.7467
41040 422.9936
42040 492.17566
43040 490.18143
44040 412.96973
45040 539.82043
46040 502.20172
47040 527.724
48040 425.86472
49040 564.246
50040 855.2152
51040 1039.312
52040 648.6907
53040 787.6682
54040 505.13538
55040 1489.2607
56040 521.2249
57040 536.7931
58040 154.80681
59040 747.3108
60040 453.19345
61040 1248.4457
62040 1102.2563
63040 864.2943
64040 304.38464
65040 887.3988
66040 1218.6914
67040 1140.8251
68040 943.6588
69040 3620.8057
70040 1038.9808
71040 855.98865
72040 1461.0708
73040 1299.6047
74040 1613.13
75040 3888.734
76040 2482.77
77040 1691.0093
78040 345.72192
79040 1195.2388
80040 990.02747
81040 610.17596
82040 323.64447
83040 1158.0386
84040 1170.6873
85040 952.7545
86040 1582.0339
87040 3662.2505
88040 2379.1128
89040 1383.0349
90040 243.43149
91040 3366.9136
92040 2802.5679
93040 3897.0542
94040 2088.5627
95040 2205.5984
96040 3664.332
97040 1248.7107
98040 1885.5847
99040 3029.4927
100040 1618.0204
101040 1382.0206
102040 1326.7213
103040 874.9607
104040 1761.4897
105040 1479.1671
106040 3058.3271
107040 199.54315
108040 1944.6478
109040 964.62
110040 4329.7285
111040 3137.8757
112040 4211.798
113040 3504.7825
114040 1684.7334
115040 2942.8936
116040 4235.859
117040 3044.025
118040 212.14055
119040 4088.4678
120040 4095.0015
121040 212.0679
122040 4120.143
123040 4240.547
124040 4383.1846
125040 4299.491
126040 4415.473
127040 4157.412
128040 4429.1973
129040 4358.99
130040 4271.343
131040 270.33002
132040 4340.077
133040 4219.49
134040 2557.437
135040 2427.0557
136040 4389.3203
137040 4327.936
138040 3067.3977
139040 597.31946
140040 4389.8584
141040 4387.575
142040 4339.331
143040 4230.4326
144040 4336.2446
145040 4135.16
146040 4523.2607
147040 4224.172
148040 4318.1963
149040 4476.663
150040 4196.962
151040 4551.331
152040 4341.1772
153040 4350.8936
154040 4518.214
155040 4310.2344
156040 4360.1484
157040 4342.299
158040 4340.962
159040 4265.899
160040 1925.1028
161040 4329.4688
162040 4341.4893
163040 4269.001
164040 4108.441
165040 4385.381
166040 4270.4844
167040 4255.0654
168040 4198.7534
169040 4303.8438
170040 4377.6157
171040 4267.922
172040 4412.044
173040 4466.5728
174040 4256.2866
175040 4300.25
176040 4345.1025
177040 4295.2207
178040 4424.6797
179040 4477.341
180040 4463.0522
181040 4481.0176
182040 4272.3643
183040 4375.266
184040 4185.3184
185040 4297.093
186040 4480.2515
187040 4484.1963
188040 4444.7896
189040 4343.322
190040 4543.3955
191040 4361.6846
192040 4244.323
193040 4171.198
194040 4436.3545
195040 4292.8267
196040 289.62146
197040 4509.651
198040 4201.8687
199040 4364.882
200040 4520.3545
201040 4584.5
202040 4308.0225
203040 4352.02
204040 4454.3516
205040 4569.473
206040 4526.2207
207040 4485.9277
208040 4396.3086
209040 4218.092
210040 4501.4043
211040 4421.176
212040 4406.158
213040 4324.654
214040 250.42888
215040 4580.317
216040 4648.586
217040 591.5
218040 4412.542
219040 4542.452
220040 4435.057
221040 4475.1978
222040 4457.008
223040 4473.9424
224040 4512.287
225040 4440.9697
226040 4342.9033
227040 4613.888
228040 4591.4043
229040 473.85394
230040 4317.9033
231040 4508.339
232040 4775.1445
233040 4388.0947
234040 4439.194
235040 4555.489
236040 4513.501
237040 4397.4204
238040 4639.4316
239040 4400.3086
240040 4386.325
241040 4509.559
242040 4605.2144
243040 4576.4385
244040 4431.984
245040 4552.756
246040 4293.9478
247040 4389.962
248040 4501.499
249040 4542.5234
250040 4476.54
251040 4518.571
252040 4536.018
253040 4615.3486
254040 4661.422
255040 4591.663
256040 4478.829
257040 277.52277
258040 4521.6147
259040 4478.6626
260040 337.24954
261040 4429.3145
262040 4565.96
263040 4597.3
264040 4475.4585
265040 383.26575
266040 4655.901
267040 4797.8545
268040 4700.8945
269040 299.06604
270040 4565.6123
271040 76.45393
272040 4659.9355
273040 4550.0166
274040 4791.0444
275040 4592.4697
276040 4568.4595
277040 4458.326
278040 4705.0586
279040 709.5923
280040 4588.076
281040 4659.3945
282040 4587.275
283040 4659.608
284040 4853.5684
285040 1459.0331
286040 4604.7744
287040 4595.0283
288040 4687.3213
289040 662.50073
290040 4583.5156
291040 4746.1665
292040 4565.755
293040 82.2144
