6000 -70.63864
7000 1575.9681
8000 1842.9734
9000 2238.4194
10000 3255.4207
11000 3533.69
12000 3862.3318
13000 4244.494
14000 4409.856
15000 4297.04
16000 4713.2925
17000 4878.1147
18000 5146.3496
19000 5137.551
20000 5281.7207
21000 5545.5615
22000 5323.827
23000 5730.7764
24000 1206.821
25000 5918.9883
26000 5968.751
27000 6196.2197
28000 6314.46
29000 6200.6904
30000 6319.1797
31000 6611.6177
32000 6470.869
33000 6607.0527
34000 6643.5806
35000 6667.538
36000 6803.7495
37000 6805.3096
38000 6881.765
39000 7040.4067
40000 7041.7754
41000 7001.9443
42000 6812.693
43000 6890.718
44000 6981.338
45000 6892.0654
46000 7151.382
47000 7248.747
48000 7726.1445
49000 7529.373
50000 7578.4287
51000 7602.1
52000 7501.5747
53000 7634.83
54000 7603.4873
55000 7719.1665
56000 7600.984
57000 7752.49
58000 7695.7573
59000 7906.991
60000 7899.5864
61000 7652.002
62000 7368.9434
63000 8244.396
64000 7761.261
65000 7610.4214
66000 7834.381
67000 7898.7563
68000 7673.5933
69000 7803.916
70000 8218.865
71000 7690.9453
72000 8387.732
73000 8061.266
74000 8409.788
75000 8537.867
76000 8596.415
77000 8616.411
78000 8757.299
79000 8500.241
80000 9124.1875
81000 8596.818
82000 9001.457
83000 9039.598
84000 8828.395
85000 9086.129
86000 9123.385
87000 8979.698
88000 9128.218
89000 9521.446
90000 9381.709
91000 9201.719
92000 8809.242
93000 9433.445
94000 9416.006
95000 9555.787
96000 9503.752
97000 9612.409
98000 9485.987
99000 9064.858
100000 8951.951
101000 9648.928
102000 9286.136
103000 9114.602
104000 9569.103
105000 9993.46
106000 9802.681
107000 9815.627
108000 9768.667
109000 9421.664
110000 9782.481
111000 9797.323
112000 10168.75
113000 9718.852
114000 10125.93
115000 10030.533
116000 10079.215
117000 9856.519
118000 9844.835
119000 10279.699
120000 10352.748
121000 10012.277
122000 10229.51
123000 10037.429
124000 10107.013
125000 10149.888
126000 10171.248
127000 10125.896
128000 10351.035
129000 10407.473
130000 10204.58
131000 10065.338
132000 10093.752
133000 10130.875
134000 9952.047
135000 10239.711
136000 10455.365
137000 10389.6045
138000 10236.247
139000 10472.375
140000 10310.457
141000 10073.141
142000 10070.587
143000 10348.854
144000 10464.454
145000 10655.271
146000 10313.789
147000 10457.172
148000 10399.1455
149000 10409.022
150000 10159.327
151000 10224.704
152000 10604.971
153000 10727.038
154000 10318.447
155000 10640.494
156000 10381.562
157000 10701.396
158000 10270.851
159000 10847.895
160000 10693.906
161000 10967.682
162000 10885.674
163000 10735.078
164000 10935.506
165000 10851.467
166000 10836.417
167000 10994.317
168000 11034.866
169000 -635.8743
170000 -54.58525
171000 9154.174
172000 9930.263
173000 10618.777
174000 10511.341
175000 10373.652
176000 10933.334
177000 10954.838
178000 10663.477
179000 10818.41
180000 11231.764
181000 10986.783
182000 10781.262
183000 10756.384
184000 10799.133
185000 11148.553
186000 11047.43
187000 11034.223
188000 11088.256
189000 11203.4375
190000 11433.26
191000 10918.012
192000 11340.008
193000 11494.674
194000 11294.568
195000 11130.354
196000 11256.701
197000 11459.896
198000 11427.972
199000 11136.145
200000 11513.126
