6022 305.12537
7022 5.6584973
8022 1022.04675
9022 1003.41406
10022 207.02835
11022 1058.511
12022 329.62827
13022 372.08066
14022 250.0965
15022 29.287573
16022 551.5769
17022 1166.3898
18022 1007.1328
19022 509.92236
20022 998.10223
21022 177.7301
22022 687.01843
23022 617.08655
24022 597.4949
25022 648.7931
26022 615.681
27022 625.8936
28022 972.68604
29022 362.87372
30022 835.45544
31022 1038.3053
32022 1627.4082
33022 1499.0684
34022 2758.2407
35022 2544.5657
36022 1892.5413
37022 1146.6305
38022 2005.5487
39022 2897.0276
40022 925.68463
41022 982.6631
42022 928.3463
43022 929.62787
44022 2179.3445
45022 948.11743
46022 961.8864
47022 1475.5312
48022 3000.1287
49022 2309.7908
50022 1524.9414
51022 2013.652
52022 2570.6572
53022 1207.445
54022 1149.2365
55022 1239.5447
56022 3323.4546
57022 3290.1545
58022 2955.7139
59022 1770.2169
60022 2381.3496
61022 3304.9973
62022 3298.9875
63022 1226.6364
64022 3324.0952
65022 3097.9988
66022 3254.0234
67022 1399.9944
68022 3309.09
69022 3284.9446
70022 3320.5552
71022 2449.8184
72022 2648.3284
73022 3268.0117
74022 3067.1719
75022 2098.821
76022 3347.9104
77022 3125.1753
78022 3208.83
79022 3177.5872
80022 3194.5742
81022 3418.9907
82022 3151.4507
83022 3159.503
84022 3209.1138
85022 3091.755
86022 3143.7925
87022 3143.6125
88022 3180.2031
89022 3223.587
90022 3287.8586
91022 3274.02
92022 3276.7222
93022 3219.9048
94022 3292.3096
95022 3279.2617
96022 3313.8972
97022 3319.4998
98022 3318.0713
99022 3344.0537
100022 3351.7192
101022 3355.7568
102022 3313.0447
103022 3328.8171
104022 3331.3013
105022 3345.0664
106022 3327.7935
107022 3342.09
108022 3304.8242
109022 3313.4084
110022 3278.1091
111022 3344.854
112022 3299.8853
113022 3298.1501
114022 3290.829
115022 3324.5178
116022 3296.512
117022 3328.3442
118022 3316.3691
119022 3312.7175
120022 3352.5793
121022 3332.642
122022 3319.7158
123022 3341.4783
124022 3285.7202
125022 3320.3193
126022 3336.601
127022 3347.2256
128022 3315.9495
129022 3331.5269
130022 3303.988
131022 3351.9338
132022 3325.2556
133022 3310.397
134022 3299.6675
135022 3384.125
136022 3350.7124
137022 3332.3755
138022 3345.6497
139022 3354.102
140022 3360.0178
141022 3359.9417
142022 3371.0574
143022 3355.4448
144022 3336.1758
145022 3358.03
146022 3360.896
147022 3350.2253
148022 3339.5293
149022 3296.5742
150022 3366.9985
151022 3348.0913
152022 3369.2375
153022 3333.805
154022 3382.5332
155022 3387.6711
156022 3355.6006
157022 3372.2769
158022 3351.3413
159022 3376.1826
160022 3381.626
161022 3366.8967
162022 3351.843
163022 3377.4673
164022 3393.2664
165022 3383.816
166022 3393.0708
167022 3383.3455
168022 3374.8918
169022 3375.603
170022 3345.141
171022 3356.8105
172022 3377.5254
173022 3363.9685
174022 3374.7627
175022 3360.9468
176022 3372.497
177022 3396.4275
178022 3375.2593
179022 3368.5308
180022 3392.179
181022 3379.6465
182022 3401.39
183022 3366.6675
184022 3374.0984
185022 3384.2727
186022 3391.4788
187022 3374.583
188022 3391.3833
189022 3394.4233
190022 3395.8867
191022 3385.2437
192022 3383.6406
193022 3396.8337
194022 3403.957
195022 3390.8352
196022 3395.4834
197022 3414.7031
198022 3411.1294
199022 3403.9238
200022 3409.6187
201022 3408.9136
202022 3379.9316
203022 3373.975
204022 3375.5435
205022 3368.6304
206022 3378.0764
207022 3356.0215
208022 3411.7085
209022 3429.3994
210022 3379.0393
211022 3380.0137
212022 3394.6318
213022 3386.328
214022 3373.4243
215022 3407.3838
216022 2765.7856
217022 3383.7205
218022 3360.2183
219022 3379.4224
220022 3385.9746
221022 3404.9136
222022 3383.713
223022 3365.7063
224022 3357.175
225022 3385.0642
226022 3395.476
