6019 196.94324
7019 209.7218
8019 283.50494
9019 1009.81433
10019 190.35565
11019 144.15149
12019 36.131832
13019 297.88498
14019 473.28583
15019 53.155018
16019 384.59662
17019 333.2265
18019 1025.9944
19019 1019.7743
20019 447.28976
21019 435.5489
22019 537.1196
23019 325.31567
24019 415.15277
25019 270.98502
26019 441.81674
27019 298.10046
28019 796.7419
29019 284.12137
30019 2686.845
31019 352.72345
32019 3159.125
33019 272.2939
34019 1115.9487
35019 1044.8049
36019 1850.1843
37019 2308.761
38019 3065.7886
39019 2948.671
40019 2692.8015
41019 2905.245
42019 1903.74
43019 1386.7903
44019 1318.9247
45019 1260.5974
46019 2370.7158
47019 3169.1995
48019 3257.2024
49019 177.2287
50019 770.45483
51019 978.76794
52019 2004.7313
53019 1201.4626
54019 1184.6476
55019 3351.9316
56019 1204.8928
57019 3105.4443
58019 1263.5908
59019 1666.5122
60019 1438.2914
61019 1332.7029
62019 3282.8625
63019 3315.613
64019 3279.9219
65019 3295.9873
66019 3287.7085
67019 3279.8174
68019 3268.62
69019 3308.8594
70019 3256.0483
71019 3335.3374
72019 3274.415
73019 3257.5317
74019 3309.4429
75019 1232.4878
76019 3349.8887
77019 3314.0693
78019 3370.687
79019 3285.7432
80019 3253.0947
81019 3272.0361
82019 3449.5723
83019 3401.401
84019 3297.4712
85019 3294.6665
86019 3337.8599
87019 2577.155
88019 3352.9985
89019 3315.7969
90019 3265.5173
91019 3340.4766
92019 3267.4712
93019 1306.8625
94019 2498.313
95019 3318.142
96019 3292.1064
97019 3425.755
98019 1157.0249
99019 3323.9316
100019 3318.0422
101019 3356.514
102019 3385.017
103019 3339.9907
104019 3461.2356
105019 3426.5488
106019 3370.399
107019 3300.6301
108019 3383.3179
109019 3331.0942
110019 3357.7402
111019 3312.7905
112019 934.8544
113019 3304.4731
114019 3565.1128
115019 3319.7295
116019 3331.1768
117019 3323.1863
118019 3376.8867
119019 3360.482
120019 3372.0117
121019 3352.1943
122019 3323.003
123019 3399.1003
124019 3313.6958
125019 3484.9805
126019 1456.7766
127019 3338.12
128019 3327.1895
129019 1450.0424
130019 3353.731
131019 3431.9282
132019 3348.476
133019 3464.393
134019 3450.2258
135019 3357.35
136019 3344.2725
137019 935.8495
138019 3391.0466
139019 3385.197
140019 1049.7877
141019 3360.2222
142019 3553.7976
143019 920.21594
144019 3372.781
145019 3637.8364
146019 3362.3428
147019 3381.5093
148019 3375.5854
149019 3382.6655
150019 3389.758
151019 3561.521
152019 1744.1235
153019 3446.0195
154019 3442.5808
155019 3429.501
156019 600.17236
157019 3365.63
158019 3420.3306
159019 3442.513
160019 3493.3137
161019 3336.5693
162019 3356.8354
163019 3433.7354
164019 3465.3599
165019 3409.7317
166019 3335.609
167019 3348.518
168019 3453.1123
169019 3449.8862
170019 1129.198
171019 3441.4116
172019 3418.139
173019 3537.6028
174019 3405.7131
175019 3146.5483
176019 3360.444
177019 3362.6
178019 3590.7996
179019 3468.9277
180019 3481.087
181019 3495.0054
182019 3547.3667
183019 3585.9812
184019 3392.9897
185019 3387.7883
186019 3087.5525
187019 3596.5286
188019 3681.3208
189019 3438.92
190019 3521.3462
191019 2119.3215
192019 3533.4714
193019 3629.7036
194019 3568.1108
195019 3088.7512
196019 2538.4885
197019 3525.4
198019 3139.7852
199019 1607.6409
200019 3813.9111
201019 1220.8135
202019 3046.3423
203019 2027.1357
204019 3625.742
205019 1411.7913
206019 1745.4219
207019 1786.3734
208019 3731.7744
209019 1929.8124
210019 2878.447
211019 2423.083
212019 1572.5631
213019 1639.758
214019 3657.2432
215019 2243.8555
216019 2000.279
217019 3862.9517
218019 1664.4027
219019 2201.0537
220019 1965.3221
221019 2391.73
222019 1974.8064
223019 1557.2386
224019 4005.431
225019 1265.4878
226019 2859.3572
