6880 -5.891387
7880 627.5226
8880 765.35547
9880 643.1251
10880 758.0366
11880 815.5654
12880 641.1483
13880 754.1693
14880 821.9059
15880 806.9973
16880 755.51294
17880 820.65344
18880 813.838
19880 878.306
20880 843.69714
21880 885.5127
22880 842.29333
23880 894.0215
24880 819.8589
25880 916.8229
26880 912.0425
27880 933.396
28880 903.8905
29880 891.86383
30880 840.1952
31880 838.9032
32880 939.46216
33880 918.7274
34880 853.2827
35880 1089.1917
36880 1154.1095
37880 1128.983
38880 1379.5833
39880 1380.3201
40880 1153.9597
41880 1410.186
42880 1559.566
43880 1634.6526
44880 1975.5654
45880 2125.6406
46880 15.846434
47880 845.8012
48880 445.30475
49880 116.07717
50880 465.7433
51880 624.2149
52880 2583.227
53880 1056.2107
54880 689.561
55880 2943.411
56880 3483.1428
57880 725.48425
58880 3115.3801
59880 2951.588
60880 1800.3512
61880 1122.2972
62880 610.89197
63880 3117.4485
64880 1398.0669
65880 3390.0442
66880 2606.022
67880 3406.517
68880 112.48519
69880 3283.5454
70880 3068.7603
71880 737.2022
72880 1463.7896
73880 198.4211
74880 3961.9514
75880 555.20154
76880 426.0189
77880 3765.9897
78880 1165.4055
79880 3994.6504
80880 3972.177
81880 4497.0566
82880 2456.769
83880 672.8202
84880 4412.084
85880 1668.073
86880 4652.2856
87880 4439.918
88880 3046.7363
89880 4712.6846
90880 1336.1572
91880 4518.408
92880 1584.4438
93880 2236.9946
94880 4733.107
95880 4454.6426
96880 2666.781
97880 5063.3945
98880 5421.273
99880 5103.74
100880 5203.2583
101880 2542.5334
102880 5246.67
103880 2518.4133
104880 4941.177
105880 3470.5593
106880 4913.7676
107880 5335.385
108880 5047.595
109880 5228.0127
110880 3782.2249
111880 4273.606
112880 1346.27
113880 2874.0645
114880 5379.1387
115880 5335.416
116880 4009.0154
117880 1933.1787
118880 2511.6855
119880 3435.5142
120880 5229.497
121880 5463.165
122880 1494.949
123880 535.87573
124880 424.88483
125880 1627.8838
126880 1179.6039
127880 346.90833
128880 5327.1133
129880 4046.868
130880 5417.078
131880 5437.5264
132880 475.4909
133880 5550.238
134880 5023.2573
135880 5283.52
136880 1538.2727
137880 5585.959
138880 5608.04
139880 577.0955
140880 5386.1084
141880 6040.9087
142880 5662.073
143880 5437.876
144880 5666.913
145880 5467.5195
146880 5743.1865
147880 5050.467
148880 5733.0713
149880 5822.2563
150880 2580.7773
151880 5659.3516
152880 5746.985
153880 5505.574
154880 4271.6855
155880 5869.903
156880 5881.186
157880 5877.752
158880 5945.386
159880 5941.1484
160880 5896.855
161880 5917.648
162880 5288.049
163880 5843.6094
164880 3008.387
165880 5808.2354
166880 5981.1123
167880 6215.373
168880 2903.5012
169880 5779.898
170880 5824.746
171880 5983.459
172880 5745.7363
173880 5905.841
174880 6131.802
175880 5943.3447
176880 6100.9927
177880 5961.6807
178880 57.326614
179880 5828.2363
180880 5859.846
181880 5997.343
182880 6181.3564
183880 5798.8477
184880 5977.1245
185880 5944.951
186880 6020.7935
187880 5862.17
188880 6081.044
189880 5860.314
190880 6026.171
191880 5882.082
192880 920.634
193880 6000.317
194880 3838.3862
195880 6151.872
196880 5972.04
197880 6080.5703
198880 6171.064
199880 6078.6455
200880 6001.5093
201880 6213.31
202880 6183.8564
203880 5985.3564
204880 6111.516
205880 3013.6655
206880 6020.7427
207880 5623.7793
208880 6137.5073
209880 5800.612
210880 6214.3965
211880 5954.045
