6031 -834.8397
7031 513.33344
8031 504.3648
9031 420.92038
10031 603.59955
11031 524.655
12031 699.81506
13031 744.81244
14031 817.8168
15031 829.39795
16031 689.4713
17031 827.90173
18031 757.8159
19031 798.1582
20031 812.75903
21031 846.20996
22031 887.83813
23031 875.6945
24031 891.2871
25031 898.24817
26031 870.9822
27031 931.31116
28031 917.1764
29031 893.7388
30031 927.1553
31031 965.5458
32031 943.68054
33031 973.06226
34031 943.74133
35031 965.7588
36031 904.5196
37031 1088.4741
38031 1529.8359
39031 1198.3154
40031 1077.0585
41031 1057.4576
42031 1352.7576
43031 1179.7097
44031 1599.2836
45031 418.9429
46031 1844.3206
47031 1275.5267
48031 1559.0354
49031 1760.8577
50031 1591.0724
51031 537.76965
52031 166.34216
53031 1957.1149
54031 1978.8638
55031 2611.944
56031 148.07755
57031 1735.8689
58031 2865.4243
59031 698.76715
60031 3440.7925
61031 3150.9092
62031 3239.946
63031 3622.332
64031 609.01514
65031 3951.9717
66031 3109.544
67031 3642.5925
68031 3958.6692
69031 1094.463
70031 3906.566
71031 1342.9099
72031 1973.1006
73031 943.6711
74031 4454.985
75031 1824.2351
76031 1223.2151
77031 4619.9775
78031 3465.2046
79031 2408.682
80031 3242.794
81031 2180.5625
82031 4913.2188
83031 1868.2888
84031 640.5669
85031 442.56274
86031 462.85574
87031 1550.905
88031 4765.5537
89031 1962.8569
90031 2124.3884
91031 1050.2062
92031 1332.6923
93031 3992.9802
94031 3597.023
95031 1787.1277
96031 701.43036
97031 5076.2563
98031 4769.186
99031 5348.9756
100031 1687.6487
101031 5545.066
102031 585.9333
103031 1216.6907
104031 2619.8926
105031 3127.1167
106031 5491.9604
107031 5492.2603
108031 929.7201
109031 1011.297
110031 911.18823
111031 5594.112
112031 5294.5776
113031 3535.3174
114031 931.6045
115031 5421.1787
116031 1266.3928
117031 1369.8508
118031 295.50366
119031 1220.8015
120031 2500.3008
121031 5700.1675
122031 5321.9937
123031 5625.1074
124031 2307.3208
125031 1337.2632
126031 782.3899
127031 4398.372
128031 2599.517
129031 415.18973
130031 5250.6387
131031 551.7857
132031 1776.844
133031 1479.956
134031 4543.748
135031 3207.9429
136031 5963.8525
137031 823.66016
138031 5618.998
139031 622.6812
140031 1713.3611
141031 5651.856
142031 1615.2684
143031 5464.957
144031 5773.1753
145031 5854.866
146031 1177.3528
147031 3660.6348
148031 5854.543
149031 5709.0107
150031 5022.4136
151031 5950.7974
152031 5938.514
153031 886.2466
154031 3725.4846
155031 5901.875
156031 5869.927
157031 5685.1885
158031 6265.9565
159031 1828.6738
160031 959.1366
161031 5806.3975
162031 1670.4993
163031 5988.338
164031 5984.7134
165031 5758.5693
166031 5579.5537
167031 3970.2124
168031 5737.8784
169031 5847.055
170031 6090.483
171031 5707.07
172031 5778.333
173031 1235.1769
174031 570.8443
175031 5857.177
176031 2384.9468
177031 1608.7823
178031 5816.8706
179031 5918.4717
180031 1445.478
181031 6034.2607
182031 5889.662
183031 677.91016
184031 5971.9907
185031 5663.0073
186031 3113.2686
187031 5685.6514
188031 5965.0757
189031 1866.1453
190031 342.17795
191031 6001.025
192031 5597.024
193031 6029.037
194031 5620.6626
195031 203.77165
196031 2125.3071
197031 6075.9346
198031 3296.121
199031 5888.982
200031 1275.1965
201031 6019.1035
202031 6304.362
203031 6226.224
204031 5951.2803
205031 4796.0723
206031 6162.9136
207031 2309.2246
208031 5903.536
209031 5969.2715
210031 5984.426
211031 5748.4893
212031 5969.6343
