6001 215.33147
7001 1045.2649
8001 63.703297
9001 204.28702
10001 1031.9794
11001 318.2588
12001 225.45949
13001 287.87366
14001 232.69795
15001 195.70218
16001 343.09146
17001 243.89789
18001 1118.0409
19001 188.71968
20001 1.3391236
21001 375.32346
22001 303.09024
23001 1681.272
24001 428.72137
25001 586.73987
26001 267.65802
27001 653.98596
28001 371.54575
29001 859.5919
30001 635.3201
31001 380.0509
32001 536.2094
33001 688.2158
34001 715.0975
35001 2325.2258
36001 1096.9535
37001 1313.8127
38001 855.42017
39001 307.98737
40001 1089.2644
41001 638.9614
42001 2952.2026
43001 3130.1343
44001 3195.023
45001 3141.8257
46001 3273.6123
47001 2344.9175
48001 937.74146
49001 1889.7985
50001 2875.4707
51001 1091.6171
52001 1046.8853
53001 2882.7375
54001 3051.6218
55001 1560.881
56001 3149.4124
57001 2399.6194
58001 3234.6147
59001 3165.8313
60001 2112.6536
61001 3158.397
62001 2378.4556
63001 3274.7197
64001 3338.0146
65001 3324.4287
66001 3299.7068
67001 3298.9106
68001 2995.0562
69001 3282.2917
70001 3295.123
71001 3322.4185
72001 3267.2437
73001 3308.5312
74001 3296.8096
75001 3302.1602
76001 3271.042
77001 3294.1592
78001 3310.6895
79001 3291.4878
80001 3292.7542
81001 3295.419
82001 3282.9712
83001 3288.2876
84001 3277.6128
85001 3260.5464
86001 3264.5884
87001 3264.708
88001 3252.3687
89001 3244.897
90001 3299.0044
91001 3277.1414
92001 3248.9712
93001 3291.7258
94001 3210.231
95001 3252.3948
96001 3272.7666
97001 3275.2332
98001 3315.0735
99001 3258.8848
100001 1453.205
101001 3292.8384
102001 3295.2734
103001 3304.4487
104001 3300.306
105001 3290.0386
106001 3307.5024
107001 3289.1414
108001 3295.5728
109001 3340.6753
110001 3328.459
111001 3316.2427
112001 3294.5447
113001 3316.607
114001 3328.797
115001 3328.059
116001 3348.0405
117001 3340.2368
118001 3334.4932
119001 3322.1704
120001 3331.0703
121001 3325.3906
122001 3357.667
123001 3319.5347
124001 3298.5342
125001 3324.663
126001 3315.811
127001 3332.0264
128001 3319.6929
129001 1390.9148
130001 3307.5
131001 3327.5764
132001 3331.2173
133001 3348.68
134001 3333.3462
135001 3303.7705
136001 3338.3044
137001 2249.2683
138001 3335.4175
139001 3368.8794
140001 3335.5923
141001 3321.4766
142001 3337.2395
143001 3362.8403
144001 3332.1775
145001 3324.415
146001 3339.2344
147001 3344.6304
148001 3313.4492
149001 3325.3188
150001 3319.1777
151001 2481.4873
152001 3303.152
153001 3296.7134
154001 3286.5825
155001 3340.2935
156001 3320.4253
157001 3334.2651
158001 3338.6333
159001 3333.897
160001 3339.4263
161001 3327.977
162001 3332.681
163001 3335.775
164001 3326.55
165001 3369.9753
166001 3316.8647
167001 3339.0444
168001 3328.7773
169001 3317.3428
170001 3344.7793
171001 3341.3699
172001 1710.7155
173001 3348.526
174001 3366.2056
175001 3404.523
176001 1952.9923
177001 3390.987
178001 2092.5662
179001 3430.9792
180001 2306.5037
181001 2816.362
182001 3409.5098
183001 3388.816
184001 2172.183
185001 3377.745
186001 3434.6284
187001 883.6276
188001 3366.817
189001 3481.2437
190001 3388.062
191001 3389.756
192001 3427.559
193001 3516.0798
194001 1450.631
195001 3391.3364
196001 3444.7676
197001 3355.0063
198001 3326.1245
199001 1526.912
200001 3498.2747
201001 1663.2378
202001 1881.145
203001 884.6245
204001 1642.8314
205001 3481.9338
