6685 -1082.0828
7685 -417.9627
8685 220.52673
9685 357.3495
10685 709.2939
11685 788.7845
12685 791.7665
13685 877.9535
14685 896.85535
15685 894.30334
16685 849.90393
17685 877.0923
18685 879.5116
19685 929.7168
20685 890.10254
21685 924.73315
22685 899.3928
23685 924.5148
24685 915.7966
25685 943.8778
26685 954.26697
27685 942.0993
28685 947.17645
29685 941.6518
30685 959.57715
31685 929.83344
32685 1048.1854
33685 994.1173
34685 978.4253
35685 933.8505
36685 582.9219
37685 884.93787
38685 893.1293
39685 1643.2407
40685 1384.3861
41685 1172.536
42685 1052.2064
43685 1863.3989
44685 1835.7214
45685 955.622
46685 991.23444
47685 2139.3235
48685 746.6946
49685 629.3
50685 1835.7578
51685 2167.3252
52685 2284.4866
53685 828.3705
54685 1570.9669
55685 1300.0046
56685 2495.404
57685 1387.0686
58685 2419.2803
59685 2521.5657
60685 914.82007
61685 3046.2256
62685 2612.8638
63685 3205.5254
64685 1882.8324
65685 1859.2964
66685 559.3896
67685 3424.1755
68685 3527.643
69685 1863.2388
70685 1063.834
71685 3504.3513
72685 3455.0813
73685 184.50533
74685 3415.78
75685 3644.1758
76685 2008.4043
77685 3261.216
78685 1186.1191
79685 3517.7717
80685 1507.1945
81685 924.8013
82685 3457.2114
83685 184.12305
84685 3955.126
85685 2934.316
86685 3834.2036
87685 1914.2717
88685 712.4368
89685 778.8019
90685 4173.3115
91685 2312.4226
92685 4483.813
93685 387.48926
94685 4659.204
95685 127.52375
96685 2831.015
97685 2293.2559
98685 4456.413
99685 1540.1023
100685 1435.5273
101685 968.28326
102685 2046.1418
103685 3887.4346
104685 4022.6543
105685 3852.778
106685 4589.426
107685 2271.998
108685 4784.003
109685 1866.0435
110685 4908.7754
111685 3634.1118
112685 1361.265
113685 4350.618
114685 4818.0884
115685 1167.4
116685 2863.4126
117685 1167.0349
118685 2089.1487
119685 4502.6406
120685 4813.2734
121685 4405.6035
122685 4430.324
123685 4588.5005
124685 3259.55
125685 4920.7227
126685 1194.0532
127685 5001.381
128685 5078.3564
129685 4868.861
130685 4842.7397
131685 5169.2437
132685 4955.6323
133685 4704.7817
134685 5209.351
135685 852.3683
136685 5205.5815
137685 4844.7207
138685 5102.46
139685 2341.207
140685 5176.5557
141685 3304.814
142685 5182.4233
143685 628.4626
144685 5340.3794
145685 5287.6294
146685 5229.2803
147685 5080.9497
148685 5432.402
149685 4790.0522
150685 5010.9814
151685 1827.27
152685 5153.092
153685 5468.2627
154685 2450.643
155685 5071.1123
156685 5307.756
157685 4883.178
158685 2698.7322
159685 5286.108
160685 5382.6934
161685 5189.6133
162685 5524.7114
163685 5542.2393
164685 5225.62
165685 5494.893
166685 5257.198
167685 5374.8906
168685 5544.743
169685 5614.8496
170685 5619.8745
171685 5122.2505
172685 5542.3687
173685 2118.1401
174685 5286.684
175685 4724.8887
176685 2672.0107
