6000 -182.55362
7000 -127.53099
8000 1075.5892
9000 1527.9868
10000 2601.0088
11000 2174.9297
12000 3274.945
13000 3547.2417
14000 3398.5542
15000 3533.5078
16000 3734.4353
17000 4554.907
18000 4478.0444
19000 5310.918
20000 5374.0537
21000 4733.6865
22000 1514.1787
23000 6115.461
24000 6443.335
25000 6600.7217
26000 6719.85
27000 6958.7363
28000 7110.6187
29000 7364.232
30000 7517.9805
31000 7679.2954
32000 7902.629
33000 7149.6895
34000 7737.644
35000 8003.1836
36000 7838.3364
37000 8098.6465
38000 8370.237
39000 8284.523
40000 8085.361
41000 8315.359
42000 8467.936
43000 8458.854
44000 8642.932
45000 8461.887
46000 8927.434
47000 8658.346
48000 8888.768
49000 9071.754
50000 8996.973
51000 9060.109
52000 9136.756
53000 8984.983
54000 9163.809
55000 9253.097
56000 9110.475
57000 9016.845
58000 9285.898
59000 9562.377
60000 9102.623
61000 9340.957
62000 9350.491
63000 9358.243
64000 9678.824
65000 9415.334
66000 9463.461
67000 9601.654
68000 9954.004
69000 9677.758
70000 9873.585
71000 9840.195
72000 9674.779
73000 9822.4375
74000 9582.816
75000 9531.229
76000 9938.72
77000 10044.701
78000 9999.742
79000 10103.316
80000 10091.333
81000 9879.82
82000 9703.665
83000 9765.572
84000 9799.33
85000 10046.936
86000 10062.949
87000 10132.466
88000 10170.574
89000 10163.096
90000 9858.514
91000 10131.778
92000 10272.453
93000 10391.845
94000 10097.706
95000 10213.377
96000 10167.914
97000 10231.865
98000 10163.405
99000 10405.769
100000 10151.765
101000 10279.832
102000 10352.697
103000 10173.964
104000 10365.818
105000 10058.586
106000 10153.719
107000 10337.916
108000 10517.723
109000 10563.311
110000 10385.738
111000 10478.561
112000 10506.893
113000 10535.596
114000 10720.225
115000 10484.584
116000 10588.797
117000 10465.452
118000 10575.031
119000 10407.172
120000 10474.668
121000 10460.996
122000 10860.254
123000 10555.323
124000 10821.391
125000 10548.162
126000 10547.4
127000 10697.137
128000 10730.778
129000 10622.61
130000 10287.027
131000 11003.683
132000 10879.328
133000 10897.596
134000 10758.598
135000 10857.422
136000 10757.336
137000 11116.967
138000 10972.5625
139000 10960.644
140000 10994.61
141000 11085.577
142000 11221.927
143000 10997.684
144000 11252.244
145000 11310.215
146000 11166.322
147000 10723.881
148000 10899.939
149000 11358.36
150000 11261.693
151000 11239.539
152000 11445.324
153000 11716.829
154000 11541.861
155000 11420.036
156000 11112.3955
157000 11548.417
158000 11398.615
159000 11694.298
160000 12389.965
161000 11724.277
162000 12970.49
163000 11594.854
164000 11942.766
165000 11815.061
166000 11824.794
167000 12328.692
168000 12201.936
169000 11924.56
170000 12150.582
171000 12041.83
172000 11580.23
173000 11952.455
174000 12017.465
175000 11882.897
176000 11547.456
177000 11748.619
178000 12175.834
179000 12027.001
180000 12305.549
181000 11809.699
182000 12425.315
183000 12420.9375
184000 12497.193
185000 12470.374
186000 12401.924
187000 12438.227
188000 12800.865
189000 11786.852
190000 11966.908
191000 12501.848
192000 12336.436
