6004 213.22173
7004 -28.419262
8004 22.011076
9004 22.794605
10004 57.8065
11004 141.1257
12004 204.97552
13004 44.66206
14004 29.341686
15004 81.55224
16004 298.83575
17004 373.23938
18004 541.9028
19004 486.3676
20004 182.65982
21004 371.2537
22004 391.44254
23004 352.6955
24004 290.05807
25004 476.71484
26004 456.51294
27004 443.92117
28004 304.55194
29004 535.7932
30004 976.3613
31004 554.67834
32004 482.45795
33004 555.0431
34004 277.7784
35004 372.37878
36004 400.96347
37004 415.33337
38004 516.4226
39004 857.56537
40004 1548.8887
41004 1001.8028
42004 594.1038
43004 65.90647
44004 3225.1047
45004 3516.2388
46004 2956.0437
47004 550.48364
48004 1279.9935
49004 2409.5962
50004 3374.692
51004 1751.2089
52004 364.53384
53004 3469.8423
54004 755.81976
55004 711.90234
56004 3742.1333
57004 3880.8865
58004 1469.364
59004 512.52527
60004 4234.256
61004 369.33176
62004 707.55615
63004 3888.5142
64004 1948.545
65004 3160.3828
66004 2188.8633
67004 4128.472
68004 372.71548
69004 3815.6182
70004 3252.0513
71004 3341.623
72004 3879.164
73004 3619.5945
74004 1590.2952
75004 1853.6886
76004 2811.6487
77004 4350.6294
78004 4264.086
79004 3757.6567
80004 3934.9438
81004 4223.582
82004 2837.2998
83004 4470.5176
84004 3161.6245
85004 4297.842
86004 4249.66
87004 4218.3867
88004 4192.849
89004 4064.4614
90004 1468.1333
91004 2722.018
92004 4422.911
93004 2138.417
94004 2729.0166
95004 4329.585
96004 4248.986
97004 2554.829
98004 4463.58
99004 4429.9287
100004 4351.2915
101004 658.8721
102004 1481.3328
103004 1029.4546
104004 4275.8916
105004 908.79346
106004 4404.538
107004 1285.3108
108004 1492.8628
109004 1285.3044
110004 6.9615417
111004 340.97592
112004 4342.7793
113004 4380.991
114004 4074.8706
115004 1192.16
116004 33.46037
117004 4306.984
118004 2888.6807
119004 4111.713
120004 4306.375
121004 1229.5747
122004 2018.7059
123004 1644.7913
124004 1612.5004
125004 1096.4678
126004 831.71075
127004 2464.679
128004 4503.804
129004 4438.9688
130004 4327.3696
131004 3913.7383
132004 4759.9536
133004 3062.3533
134004 1747.5819
135004 597.4547
136004 865.11285
137004 874.34644
138004 853.259
139004 4413.171
140004 1270.6296
141004 4054.566
142004 1389.2318
143004 2679.92
144004 4795.782
145004 735.78406
146004 1625.8292
147004 1325.3479
148004 4576.6426
149004 4362.948
150004 819.2632
151004 4616.812
152004 4515.349
153004 4411.25
154004 4541.3916
155004 4433.028
156004 596.33887
157004 803.8464
158004 4795.246
159004 4413.878
160004 4608.5713
161004 4623.79
162004 4622.5537
163004 270.45236
164004 4474.7573
165004 165.18068
166004 338.35303
167004 197.18959
168004 74.01864
169004 550.789
170004 267.26337
171004 574.23785
172004 3076.334
173004 3909.4668
174004 4137.585
175004 4263.4688
176004 3516.2744
177004 1199.7306
178004 1002.01666
179004 2799.6584
180004 4401.754
181004 4259.8574
182004 4585.8696
183004 4361.3613
184004 1911.8695
185004 4442.415
186004 4546.166
187004 4351.823
188004 4531.0435
189004 4318.087
190004 2324.0322
191004 4539.618
192004 4645.9443
193004 1800.8798
194004 4521.0996
195004 4811.409
196004 4893.741
197004 4895.256
198004 4489.5933
199004 4769.771
200004 2678.272
201004 4573.2905
202004 4646.8223
203004 208.6617
204004 691.8518
205004 847.605
206004 4020.9663
207004 989.94574
208004 4019.796
209004 4494.891
210004 4833.7314
211004 4239.674
212004 4654.557
213004 4757.052
214004 4940.132
215004 4614.4863
216004 4640.5195
217004 2134.5107
218004 4761.466
219004 4825.293
220004 4957.637
221004 737.194
222004 -7.7341976
223004 133.5565
224004 -5.466721
225004 -3.365435
226004 4224.625
227004 998.6916
228004 3725.0776
229004 4382.706
230004 4538.5215
231004 4432.1704
232004 4672.1436
233004 4775.563
234004 4583.157
235004 4783.7007
236004 4586.376
237004 315.90607
238004 4642.2793
239004 4786.0186
240004 4649.449
241004 4852.0757
242004 4499.5303
243004 4669.914
244004 4870.4326
245004 273.8558
246004 4812.4814
247004 4732.9844
248004 2680.311
249004 4694.8604
250004 710.81726
251004 4859.7285
252004 4697.4526
253004 4726.841
254004 4809.7266
255004 4865.5264
256004 4822.167
257004 4821.423
258004 4821.752
259004 4713.4004
260004 4787.547
261004 4712.448
262004 4770.8403
263004 4898.7227
264004 4914.357
265004 4775.7393
266004 662.5125
267004 4828.3477
268004 4730.867
