6000 717.99426
7000 1244.607
8000 2014.8369
9000 254.56738
10000 2531.4507
11000 2923.876
12000 2780.4622
13000 1293.6279
14000 3378.5999
15000 1112.5751
16000 3689.4429
17000 4907.7173
18000 4201.6978
19000 4742.5503
20000 5022.058
21000 5289.554
22000 5274.9307
23000 5412.749
24000 5971.639
25000 6073.2876
26000 6035.797
27000 6417.299
28000 6347.706
29000 6520.4316
30000 6686.3594
31000 6638.4297
32000 6822.216
33000 6973.5156
34000 6778.8467
35000 6971.03
36000 7314.907
37000 7454.6924
38000 7432.0693
39000 7452.452
40000 7704.0044
41000 7883.631
42000 7892.8667
43000 8120.554
44000 8354.936
45000 8097.466
46000 8285.733
47000 8688.625
48000 8619.266
49000 8855.957
50000 8823.793
51000 8607.17
52000 8642.826
53000 8666.5205
54000 8626.26
55000 8940.006
56000 9027.063
57000 9127.278
58000 9274.877
59000 8853.342
60000 9316.818
61000 8708.58
62000 9234.092
63000 9132.867
64000 9358.863
65000 9211.576
66000 9496.594
67000 9558.563
68000 9629.659
69000 9619.383
70000 9444.891
71000 9554.2
72000 9739.527
73000 9790.627
74000 9975.625
75000 9866.185
76000 9667.738
77000 9976.088
78000 9875.158
79000 9545.671
80000 9942.446
81000 9824.793
82000 9372.989
83000 10047.659
84000 10120.994
85000 10046.178
86000 10182.062
87000 10200.956
88000 9985.512
89000 10165.375
90000 10088.61
91000 10249.16
92000 10186.426
93000 10394.299
94000 10374.428
95000 10834.177
96000 10636.738
97000 10772.009
98000 10936.791
99000 10671.912
100000 10631.136
101000 10406.336
102000 11028.736
103000 10607.162
104000 10704.935
105000 10375.65
106000 10876.467
107000 10898.871
108000 11083.487
109000 10885.318
110000 11245.064
111000 10835.834
112000 10482.359
113000 10923.16
114000 11229.929
115000 11180.675
116000 11279.995
117000 11141.384
118000 11206.754
119000 11249.936
120000 11272.679
121000 10751.635
122000 11563.917
123000 11202.932
124000 11441.658
125000 11599.389
126000 11396.932
127000 11265.6455
128000 4706.7817
129000 11021.804
130000 11052.892
131000 11265.74
132000 11889.282
133000 11722.52
134000 11773.581
135000 11377.713
136000 11639.146
137000 11523.02
138000 11826.09
139000 11296.609
140000 12147.552
141000 12288.947
142000 12025.819
143000 12684.983
144000 12328.592
145000 2209.4429
146000 11458.712
147000 12111.166
148000 11134.351
149000 13196.441
150000 12299.945
151000 11089.186
152000 12346.816
153000 12660.699
154000 12428.57
155000 12789.786
156000 11884.02
157000 13249.857
158000 13259.537
159000 13823.517
160000 13365.299
161000 12595.415
162000 13431.431
163000 13517.683
164000 12427.015
165000 13020.723
166000 12423.865
167000 12495.251
168000 13120.355
169000 12477.671
170000 13275.4375
171000 12167.076
172000 13188.0
173000 12967.443
174000 13233.553
175000 13194.744
176000 12863.479
177000 13929.76
178000 13117.504
179000 13772.116
180000 13162.262
181000 13431.5625
182000 13194.214
183000 13581.773
184000 12980.646
185000 12938.965
186000 13357.999
187000 14077.455
188000 14171.475
189000 13741.676
190000 4791.311
191000 13625.057
