6097 -794.12537
7097 567.2868
8097 634.69275
9097 611.4574
10097 744.47253
11097 727.2218
12097 647.9048
13097 849.0823
14097 802.3216
15097 776.969
16097 796.257
17097 836.7437
18097 924.87616
19097 918.46606
20097 894.38745
21097 912.1792
22097 930.15674
23097 930.3507
24097 912.7363
25097 930.3747
26097 861.10364
27097 951.2833
28097 953.1511
29097 949.69135
30097 919.5302
31097 934.64813
32097 935.3086
33097 919.2347
34097 979.0344
35097 970.8369
36097 839.93787
37097 933.1052
38097 926.22266
39097 938.14844
40097 885.9649
41097 920.4976
42097 941.9988
43097 995.1874
44097 1004.8052
45097 958.15454
46097 902.9429
47097 1418.044
48097 1257.6162
49097 1174.6846
50097 1426.4734
51097 1450.2903
52097 243.41345
53097 1751.1028
54097 32.01881
55097 904.86743
56097 796.8573
57097 1866.5002
58097 823.408
59097 362.49762
60097 1327.4114
61097 1223.6248
62097 1133.5437
63097 900.5855
64097 1115.406
65097 2274.478
66097 1770.3275
67097 1332.2854
68097 2435.4363
69097 2880.0288
70097 1666.2524
71097 1765.1016
72097 2948.6028
73097 2822.789
74097 3284.5813
75097 3367.8677
76097 267.84836
77097 3508.3347
78097 3634.5566
79097 3599.7957
80097 1564.8535
81097 347.52228
82097 2148.5188
83097 876.4683
84097 170.56668
85097 1577.6135
86097 4043.008
87097 2202.1733
88097 3007.2017
89097 883.5753
90097 3869.346
91097 1167.5387
92097 2094.1338
93097 4265.117
94097 3058.5596
95097 4092.7932
96097 1472.2024
97097 1009.5364
98097 1840.1215
99097 1427.217
100097 4344.491
101097 4511.0127
102097 2848.4597
103097 4519.6143
104097 1991.0598
105097 2908.6958
106097 3389.2554
107097 4029.2861
108097 279.4042
109097 1744.2131
110097 4030.3398
111097 1212.5725
112097 4297.831
113097 18.382057
114097 1002.91064
115097 1033.9194
116097 1680.093
117097 4541.948
118097 675.5803
119097 4603.825
120097 4724.2793
121097 4718.825
122097 1113.5269
123097 4436.384
124097 2920.6643
125097 3017.3428
126097 2143.5576
127097 4550.4966
128097 4624.2666
129097 4615.693
130097 4713.382
131097 4970.9507
132097 1764.3917
133097 4717.0557
134097 4951.1626
135097 4751.959
136097 2024.9053
137097 5046.5776
138097 1927.3077
139097 4610.9316
140097 5192.7476
141097 2958.0146
142097 5075.4404
143097 2114.4653
144097 5078.911
145097 4895.44
146097 5012.067
147097 5092.173
148097 5434.796
149097 4850.7915
150097 5194.5117
151097 4993.569
152097 89.72351
153097 865.8176
154097 5246.554
155097 5309.827
156097 5044.9966
157097 5306.954
158097 1901.1143
159097 4999.625
160097 5130.011
161097 5075.8643
162097 5042.4272
163097 5356.4463
164097 5609.502
165097 5263.8433
166097 5499.162
167097 5575.038
168097 5327.3735
169097 5260.7036
170097 3271.041
171097 5470.915
172097 5578.0537
173097 4841.8564
174097 5118.2974
175097 4507.091
176097 3177.0676
177097 5406.507
178097 5416.0684
179097 5626.027
180097 5586.4473
