6007 373.07196
7007 50.586514
8007 228.61842
9007 209.93622
10007 567.7185
11007 21.866154
12007 153.24997
13007 336.29025
14007 344.05127
15007 349.24283
16007 344.02896
17007 151.62286
18007 1312.1694
19007 1048.7576
20007 698.2571
21007 483.0984
22007 883.62286
23007 807.3905
24007 1229.687
25007 2793.949
26007 860.398
27007 1606.0732
28007 2970.5251
29007 3174.1968
30007 2997.559
31007 3135.4316
32007 2694.329
33007 1830.9758
34007 3102.4912
35007 2984.201
36007 3051.9458
37007 3309.04
38007 1126.7456
39007 3272.0225
40007 3253.6199
41007 3302.1875
42007 1079.6511
43007 3284.2285
44007 3293.2979
45007 3251.0127
46007 3343.7354
47007 1518.4268
48007 1468.8749
49007 1456.2887
50007 953.6506
51007 1257.2427
52007 2096.2183
53007 2295.7395
54007 2524.2593
55007 2141.0977
56007 1454.1426
57007 1665.1775
58007 1979.8062
59007 1183.7726
60007 3033.702
61007 1190.1743
62007 2917.5142
63007 3218.0947
64007 3287.4463
65007 3272.1248
66007 3266.9844
67007 1696.4521
68007 1603.9517
69007 3289.7317
70007 1985.6549
71007 3276.2576
72007 3283.3604
73007 3325.363
74007 3235.0322
75007 2085.9976
76007 3183.9888
77007 3363.2134
78007 3259.829
79007 2561.3254
80007 3204.4292
81007 2867.066
82007 3264.5654
83007 3254.2397
84007 3300.1416
85007 3268.4832
86007 3293.1885
87007 3312.856
88007 3286.045
89007 3335.4907
90007 3319.7168
91007 3305.2498
92007 3324.7747
93007 3308.2634
94007 3284.6392
95007 3296.5337
96007 3297.5908
97007 3333.704
98007 3363.3508
99007 3413.5437
100007 3538.809
101007 3330.9795
102007 3339.9736
103007 3310.7012
104007 3417.433
105007 3420.7156
106007 3341.6216
107007 3275.4106
108007 3295.9565
109007 3327.1519
110007 3322.0957
111007 1773.1902
112007 3306.3252
113007 3317.2627
114007 3315.0864
115007 3297.4258
116007 3323.0793
117007 3374.3726
118007 3328.2034
119007 3328.4292
120007 3352.3608
121007 3321.1255
122007 2158.7236
123007 3308.4683
124007 3348.903
125007 3423.1775
126007 3351.9463
127007 3389.0762
128007 3358.4495
129007 1664.4136
130007 3322.9775
131007 3349.0996
132007 3341.4824
133007 3333.5
134007 3349.8423
135007 3349.9429
136007 3361.6558
137007 3373.079
138007 3358.8496
139007 3361.2065
140007 3647.0398
141007 3339.791
142007 3359.817
143007 3353.727
144007 3384.2383
145007 3333.0813
146007 3356.4575
147007 3346.7397
148007 3360.086
149007 3363.249
150007 3369.7102
151007 3360.763
152007 3345.2644
153007 1875.3625
154007 3420.7554
155007 3336.0889
156007 3463.3335
157007 3474.2412
158007 2477.8975
159007 2215.2158
160007 3270.023
161007 2394.63
162007 3372.031
163007 1749.3495
164007 3409.9944
165007 3617.768
166007 3427.3218
167007 3410.7354
168007 1925.0021
169007 3420.2583
170007 3450.7866
171007 3453.457
172007 3499.8398
173007 2600.008
174007 1341.4531
175007 2640.3555
176007 3506.1765
177007 3177.065
178007 3520.405
179007 3639.9878
180007 3492.4978
181007 3487.2778
182007 3379.0571
183007 3497.0889
184007 3380.4275
185007 2999.7134
186007 3432.4202
187007 3504.9941
188007 3508.2217
189007 1870.5117
190007 3464.7764
191007 3533.9485
192007 3480.8484
193007 3384.851
194007 3533.8286
195007 3688.074
196007 3463.9912
197007 3411.6187
198007 3382.709
199007 3429.6008
200007 2644.1514
201007 2926.7834
202007 3490.2134
203007 3608.9438
204007 3418.3164
205007 3519.5005
206007 3490.896
207007 3676.7295
208007 2619.9292
209007 3412.5244
210007 1609.6141
211007 3211.1045
212007 2338.4707
213007 3433.609
214007 2856.4583
215007 3553.2778
