6015 -65.94329
7015 343.12485
8015 256.08124
9015 194.25595
10015 237.0693
11015 344.18097
12015 270.7148
13015 400.41727
14015 597.11487
15015 426.16824
16015 64.58451
17015 366.2035
18015 30.859325
19015 282.5347
20015 588.58044
21015 422.8944
22015 513.3279
23015 1266.3689
24015 662.2678
25015 875.74005
26015 513.28534
27015 446.3723
28015 661.17773
29015 1861.2375
30015 1722.6807
31015 1433.603
32015 2893.5308
33015 2671.2258
34015 2535.2434
35015 2488.1619
36015 2204.9233
37015 2652.2363
38015 942.6401
39015 3453.389
40015 2785.3218
41015 1430.4945
42015 2763.6685
43015 32.19431
44015 419.50867
45015 2712.2856
46015 307.91382
47015 3503.3125
48015 3755.9407
49015 3829.9753
50015 502.91006
51015 3406.7788
52015 3566.4438
53015 2002.8239
54015 264.159
55015 590.463
56015 123.7199
57015 4207.6455
58015 3945.7817
59015 464.56946
60015 3733.488
61015 3705.7192
62015 966.88367
63015 3590.6252
64015 3648.489
65015 4051.7617
66015 4142.3325
67015 4253.7817
68015 4025.4434
69015 4190.5566
70015 4082.3308
71015 588.8328
72015 4076.1104
73015 4142.48
74015 4079.65
75015 4434.875
76015 4270.891
77015 4253.9863
78015 4469.5674
79015 4357.543
80015 362.0797
81015 4280.5283
82015 723.39453
83015 4351.044
84015 4283.6655
85015 4122.755
86015 4109.299
87015 315.2593
88015 4358.0405
89015 4305.3926
90015 4349.1475
91015 4318.6753
92015 4450.038
93015 3858.0325
94015 4077.252
95015 355.0217
96015 4419.559
97015 4434.9414
98015 4441.824
99015 4516.701
100015 368.1031
101015 250.37073
102015 4302.092
103015 4822.31
104015 4568.984
105015 458.1524
106015 4219.915
107015 4179.419
108015 4501.9824
109015 449.74796
110015 4404.086
111015 4273.9756
112015 4578.1396
113015 327.36823
114015 4578.1533
115015 592.3006
116015 4632.035
117015 915.99585
118015 4359.4346
119015 310.06506
120015 4239.189
121015 341.6345
122015 4660.766
123015 4732.537
124015 300.6992
125015 4564.287
126015 4419.55
127015 4704.6484
128015 4502.46
129015 2821.456
130015 4841.238
131015 4664.575
132015 4730.511
133015 4674.297
134015 4745.2393
135015 4878.4565
136015 4776.545
137015 4719.677
138015 4724.2236
139015 4775.198
140015 4710.2827
141015 4761.7446
142015 4823.978
143015 4770.906
144015 4819.799
145015 4687.0356
146015 4831.8096
147015 4772.2236
148015 4660.8643
149015 4887.212
150015 4833.061
151015 4807.057
152015 4654.5884
153015 4838.2896
154015 4847.6865
155015 4618.985
156015 -8.242015
157015 -17.214365
158015 4579.3096
159015 4508.8164
160015 4535.6
161015 744.0574
162015 1535.7341
163015 4640.5166
164015 2230.2524
165015 4625.212
166015 4686.8267
167015 4799.128
168015 4741.7773
169015 4613.427
170015 4669.7188
171015 4716.9307
172015 4798.1875
173015 4705.909
174015 4838.8887
175015 4850.2373
176015 4542.8057
177015 4854.571
178015 4671.7627
179015 4868.6426
180015 4972.7866
181015 4679.588
182015 4796.3066
183015 4895.7744
184015 4727.5503
185015 4727.8525
186015 4807.9717
187015 4779.287
188015 4820.844
189015 9.026455
190015 4010.3423
191015 -4.740839
192015 3564.2915
193015 4685.966
194015 4592.634
195015 4733.342
196015 4771.52
197015 4634.9844
198015 4710.913
199015 4768.3916
200015 4682.7188
201015 346.95816
202015 4465.1836
203015 4909.085
204015 4708.031
205015 4944.632
206015 4703.0303
207015 4723.474
208015 4729.0996
209015 4880.628
210015 4813.886
211015 335.98914
212015 4769.5884
213015 4722.209
214015 4808.533
215015 4816.052
216015 4792.8525
217015 4808.174
218015 4732.495
219015 4883.664
220015 5095.755
221015 4540.4985
222015 4879.9507
223015 4936.7275
224015 5034.6826
225015 4981.8384
226015 4908.643
227015 2587.1885
228015 4985.2974
229015 5089.649
230015 4818.3135
231015 5031.1064
232015 4889.938
233015 4793.876
234015 4786.417
235015 5095.111
236015 4967.1016
237015 4957.6543
238015 5085.9634
239015 5083.4033
240015 5006.674
241015 4860.805
242015 4874.955
243015 4884.4893
244015 5150.347
245015 4941.84
246015 4874.2153
247015 4651.9204
248015 4894.73
249015 4917.5996
250015 4981.3535
251015 5037.1924
252015 4829.8203
253015 5082.851
254015 5129.7236
255015 4842.3516
256015 5023.048
257015 4865.1475
258015 4584.5195
259015 5255.381
260015 337.39523
261015 4698.6196
262015 5291.4224
263015 4964.509
264015 5078.252
265015 5187.046
266015 5004.706
